8.93
9.28
7.00
8.53
8.12
4.90
7.07
7.45
8.60
4.51
0.00
7.88
7.03
3.71
6.63
0.00
4.69
9.01
5.27
6.46
6.04
7.29
7.39
8.71
8.34
8.34
7.70
7.36
5.28
7.64
7.54
8.22
5.40
6.70
7.16
7.89
6.63
6.27
7.16
7.57
7.68
4.97
9.03
0.00
8.07
8.93
8.93
0.00
8.45
4.38
4.28
0.00
3.96
6.05
4.14
6.05
6.28
5.20
7.31
8.93
0.00
6.74
0.00
7.91
8.31
7.18
7.07
8.80
0.00
8.01
8.76
7.00
6.44
7.26
6.37
0.00
5.50
9.00
6.86
6.88
6.89
7.07
0.00
7.18
6.31
8.48
6.72
6.03
8.34
0.00
8.00
7.21
7.21
10.00
7.61
8.59
7.77
7.64
7.80
7.32
4.79
9.24
7.13
6.48
5.06
9.43
6.76
6.43
8.34
7.43
8.53
6.52
6.32
7.00
7.00
8.07
7.83
8.58
8.45
7.24
4.88
9.02
8.17
7.95
8.35
7.91
7.53
7.73
7.94
7.70
8.43
8.50
8.31
0.00
7.50
0.00
0.00
7.19
7.08
2.29
8.65
7.73
8.48
0.00
5.72
8.13
7.22
9.86
5.92
8.65
8.93
8.00
0.00
7.94
7.41
7.42
5.85
8.31
5.33
3.22
6.60
8.98
5.13
7.41
5.85
7.23
3.66
4.92
8.21
7.72
8.24
0.00
7.84
0.00
9.12
6.28
8.50
7.00
8.48
8.03
5.88
7.53
0.00
0.00
ERROR
6.17
6.13
6.78
8.52
8.78
8.42
0.00
0.00
7.74
6.82
4.72
5.09
8.00
8.42
6.85
5.47
7.75
8.11
8.09
8.11
10.00
7.22
7.49
6.47
5.78
5.18
9.02
7.50
0.00
7.41
7.07
7.27
8.73
6.32
6.32
5.07
0.00
8.92
8.04
8.71
8.06
8.63
8.64
7.61
7.61
6.84
7.65
0.00
9.00
7.60
6.46
9.00
7.15
0.00
5.25
6.47
5.25
8.96
8.71
6.96
8.45
6.94
6.71
6.96
5.71
7.51
7.08
8.22
7.01
0.00
9.13
6.47
6.84
7.17
6.64
8.27
8.62
4.00
3.41
8.42
5.48
9.19
7.64
7.98
8.22
7.75
7.92
7.76
9.24
7.62
7.36
8.12
8.36
0.00
8.56
8.80
5.22
7.50
7.14
0.00
6.85
0.00
5.51
6.01
4.77
7.48
7.47
8.67
8.67
8.17
8.44
4.66
9.01
8.54
6.92
6.88
5.28
6.60
8.19
8.78
7.11
8.50
0.00
0.00
6.40
8.93
8.21
6.68
7.33
8.00
8.25
8.98
8.05
8.10
6.56
8.33
8.74
8.22
6.80
5.71
6.48
7.49
7.47
8.18
5.60
5.57
6.72
8.87
8.18
5.04
7.97
7.97
7.97
8.36
8.40
8.51
8.68
7.12
7.46
8.49
8.22
8.73
5.77
8.84
0.00
6.43
6.96
8.91
7.08
8.91
8.97
6.51
0.00
7.79
8.17
0.00
7.85
6.64
7.64
5.83
4.58
8.83
2.71
6.11
6.11
5.69
6.94
7.75
9.34
7.99
5.75
4.40
7.98
8.91
7.95
7.42
8.66
8.33
9.14
8.29
9.22
8.38
0.00
9.14
8.84
4.33
5.86
7.27
7.95
7.91
6.44
5.48
5.27
4.59
4.19
0.00
6.09
6.34
8.21
7.13
9.17
6.67
5.82
7.69
8.36
6.50
5.64
5.69
0.00
9.24
7.35
10.00
8.63
7.67
6.92
8.09
7.49
7.32
9.21
7.54
8.71
8.96
8.77
8.43
8.60
8.37
8.79
8.85
8.79
8.91
8.65
8.15
9.30
9.43
8.83
3.95
8.78
6.09
8.80
8.72
8.96
8.44
9.03
7.38
7.84
8.03
8.37
8.31
8.79
7.59
7.81
8.25
8.43
8.65
8.78
8.48
7.30
7.76
8.41
8.08
7.80
8.85
9.03
7.80
8.95
8.14
8.53
8.81
8.59
6.89
8.14
6.35
5.13
6.87
7.69
8.47
0.00
7.89
10.00
8.56
8.42
6.21
5.44
7.40
7.37
8.13
7.47
7.00
7.91
8.55
4.33
7.70
7.50
7.10
5.38
8.33
8.16
8.01
5.48
8.99
0.00
0.00
8.40
4.62
0.00
8.13
8.13
6.62
4.54
8.73
8.74
8.68
8.98
8.28
8.18
8.94
7.61
8.44
7.10
4.90
3.88
6.98
6.95
3.71
7.66
8.31
8.26
9.03
7.93
7.93
6.64
5.48
4.57
8.46
6.72
8.48
7.15
10.00
8.22
7.63
8.09
8.54
8.56
8.92
7.15
7.55
8.60
8.60
8.56
0.00
0.00
6.76
8.35
8.14
9.26
2.99
8.68
0.00
7.26
7.87
7.73
6.12
5.90
0.00
5.32
8.48
3.78
6.83
8.90
5.67
8.06
7.42
8.89
7.65
10.00
8.07
7.29
8.63
5.52
6.46
7.77
6.55
0.00
7.57
5.37
8.95
7.34
0.00
0.00
6.36
9.02
3.85
7.29
10.00
8.75
6.47
3.37
8.33
8.07
5.40
7.16
7.29
6.69
3.21
4.68
7.86
8.36
7.19
8.04
8.31
8.83
8.22
8.36
7.37
7.37
6.93
7.44
7.22
7.20
9.26
7.66
5.82
8.01
8.75
8.28
8.81
7.74
8.94
0.00
7.25
4.83
6.66
8.31
8.62
6.61
0.00
6.72
0.00
8.35
0.00
0.00
0.00
6.88
5.39
7.15
0.00
8.02
0.00
7.62
0.00
8.42
5.90
6.10
5.63
8.18
7.71
7.26
5.04
9.04
8.60
7.03
5.08
7.92
5.43
5.55
7.56
7.21
7.19
8.03
0.00
5.80
6.87
7.42
7.79
8.05
4.16
6.40
6.74
5.43
7.99
10.00
9.06
7.77
6.89
7.68
4.81
8.25
7.45
9.00
8.72
6.84
4.73
4.10
9.17
9.17
8.67
6.88
6.70
7.71
7.72
7.96
8.56
9.18
8.61
7.17
6.27
7.72
8.32
8.17
7.16
7.23
8.17
8.59
7.87
8.48
0.00
7.57
8.47
8.04
8.76
8.12
8.40
4.19
7.49
8.57
8.90
5.00
8.99
7.82
7.83
7.50
8.55
6.93
7.05
0.00
8.36
7.35
9.07
7.84
8.84
6.25
6.93
7.66
6.98
7.77
8.75
8.33
6.41
7.59
6.72
6.89
8.78
6.68
8.03
7.20
7.50
7.98
9.00
8.47
8.76
7.41
0.00
5.28
8.18
5.00
6.55
10.00
0.00
9.08
6.66
8.68
8.42
8.90
8.69
7.24
5.28
8.36
5.01
7.40
7.08
6.65
8.93
8.41
7.47
7.76
7.58
7.03
8.61
0.00
8.36
6.07
8.30
9.14
8.53
8.00
8.00
1.00
6.92
3.85
5.02
5.19
4.78
10.00
7.30
5.47
5.47
8.16
8.14
7.43
4.81
5.85
9.34
6.74
0.00
9.07
7.30
7.39
9.16
6.56
7.90
6.90
8.73
7.27
7.90
8.57
7.65
10.00
8.53
8.01
5.50
0.00
7.68
6.05
7.32
0.00
9.12
7.68
7.54
7.11
7.85
9.25
7.20
8.47
4.50
7.89
7.46
9.35
8.57
8.36
8.36
8.58
6.17
7.82
8.33
8.57
4.23
6.91
8.13
8.25
7.37
8.69
10.00
8.63
2.21
8.46
10.00
9.35
7.98
9.13
7.65
7.42
0.00
6.72
5.30
8.88
8.42
6.60
6.03
6.92
9.01
7.76
8.73
6.41
8.42
0.00
7.12
8.91
7.18
7.41
6.13
10.00
9.02
5.50
3.52
5.83
5.79
5.44
8.97
7.35
9.15
6.30
8.71
5.66
8.81
8.00
5.10
8.81
7.62
7.64
5.13
6.22
8.29
5.11
6.70
6.46
8.79
8.38
7.55
6.67
4.81
0.00
8.56
7.00
8.69
7.78
6.75
6.59
7.84
8.57
8.03
7.71
8.48
6.14
6.97
5.79
8.79
8.95
8.43
8.38
7.29
6.97
7.00
7.00
6.91
7.22
9.17
6.95
7.72
ERROR
7.12
6.52
8.00
8.24
7.84
7.64
7.64
8.87
6.40
6.79
0.00
0.00
7.62
7.99
0.00
9.00
9.80
0.00
0.00
4.25
7.21
7.90
7.74
8.68
6.80
8.83
0.00
0.00
0.00
0.00
7.01
8.95
10.00
7.84
8.52
8.19
5.62
0.00
7.50
9.13
0.00
9.18
7.05
7.15
7.68
8.83
6.39
7.50
7.89
6.12
8.07
5.50
7.22
8.48
7.36
8.15
7.88
0.00
0.00
7.29
0.00
6.12
9.28
8.49
0.00
7.65
0.00
7.25
8.87
7.00
6.95
0.00
0.00
0.00
8.27
7.98
0.00
6.24
6.71
8.27
7.06
0.00
4.42
4.14
8.76
6.83
8.54
5.84
8.86
0.00
10.00
0.00
7.44
8.53
7.76
6.91
4.43
0.00
8.35
6.73
8.89
9.44
6.95
8.36
4.46
8.29
7.87
1.75
3.30
6.16
5.50
6.52
8.70
8.70
4.61
8.54
8.79
2.00
8.02
6.37
5.25
8.57
7.83
7.99
7.07
5.00
8.28
5.00
7.00
7.56
7.17
8.49
6.99
6.15
7.20
8.77
6.65
0.00
8.38
4.56
8.39
6.63
7.32
0.00
9.26
8.75
7.37
7.60
4.24
8.75
8.08
6.63
8.52
7.11
5.57
4.20
0.00
10.00
6.56
6.55
6.86
6.24
5.20
6.30
6.86
6.43
7.11
8.23
6.33
5.54
7.74
8.62
7.66
0.00
6.67
8.62
7.53
8.59
9.01
7.38
7.54
7.04
7.64
4.02
8.25
7.91
8.56
6.44
7.13
5.41
6.77
7.25
0.00
6.80
6.98
7.93
4.47
5.94
5.94
6.63
7.74
6.15
6.97
5.97
3.10
8.20
8.73
0.00
9.36
8.56
7.31
10.00
6.48
4.78
8.02
7.56
7.41
5.15
7.16
0.00
7.76
6.01
8.07
0.00
7.62
4.49
8.00
8.53
0.00
0.00
7.06
4.42
10.00
8.88
7.82
7.48
7.31
0.00
2.32
7.10
5.83
5.72
6.35
5.55
7.18
6.94
5.67
6.47
0.00
6.92
8.01
8.92
9.78
7.91
5.50
3.21
8.11
6.59
8.66
0.00
7.35
8.13
9.43
0.00
0.00
0.00
0.00
8.57
8.38
9.00
7.97
8.19
10.00
4.67
7.15
6.66
0.00
8.64
5.97
5.97
3.68
4.45
7.55
5.97
6.66
3.86
0.00
0.00
7.66
8.08
7.04
5.29
0.00
8.21
8.56
6.46
7.96
8.96
7.14
0.00
8.12
9.13
7.93
8.52
5.00
4.25
2.00
8.89
7.76
0.00
7.81
8.17
8.17
7.61
7.55
0.00
7.46
8.23
5.07
6.20
8.06
9.41
8.14
8.41
8.17
9.21
9.26
7.76
9.22
9.23
6.11
2.93
8.25
8.91
6.84
7.67
5.87
9.19
9.29
6.17
6.93
8.59
5.91
5.87
8.82
8.77
8.41
8.85
8.44
6.24
0.00
6.58
7.89
8.26
10.00
8.04
0.00
0.00
6.83
6.83
8.03
7.74
6.64
8.24
8.66
4.75
7.92
8.47
7.44
9.00
8.70
0.00
6.72
9.73
6.34
0.00
7.62
7.37
8.32
8.85
8.38
7.22
7.22
7.44
7.21
6.35
5.65
7.68
7.82
8.17
7.27
9.33
7.96
7.52
6.46
8.76
8.23
7.99
4.80
0.00
8.64
8.83
8.04
6.01
9.19
7.48
8.29
6.50
7.14
8.59
8.77
0.00
0.00
6.39
8.50
0.00
5.33
8.05
6.96
8.25
6.50
7.81
6.45
7.85
7.62
8.79
7.48
0.00
0.00
0.00
7.66
6.99
7.26
7.50
6.74
6.70
6.69
7.73
6.73
9.21
8.29
8.40
9.04
7.38
8.73
5.81
7.88
8.21
7.63
7.84
7.75
9.03
7.36
0.00
0.00
8.66
4.41
6.10
8.24
8.43
8.55
8.47
8.01
8.51
7.01
8.20
7.70
8.55
9.17
0.00
4.61
6.91
6.50
0.00
8.53
5.44
7.05
8.15
0.00
7.31
7.00
7.82
7.41
4.87
6.43
4.72
0.00
7.83
8.68
7.47
8.48
5.04
7.05
9.43
0.00
6.52
8.44
7.70
6.04
7.00
7.94
7.26
7.07
10.00
7.76
7.28
8.82
6.70
7.64
4.80
8.03
7.47
6.28
5.85
8.38
8.38
6.94
6.99
0.00
0.00
8.62
8.44
0.00
0.00
7.24
6.60
0.00
0.00
7.32
5.15
7.50
9.06
8.45
7.82
7.42
8.64
8.26
0.00
8.56
8.50
8.21
8.19
8.53
6.38
6.40
8.05
8.26
7.82
6.99
6.46
8.65
ERROR
2.96
6.78
6.96
0.00
0.00
8.47
7.80
6.97
8.80
8.67
8.24
0.00
6.70
7.80
8.50
8.04
7.94
8.47
7.98
7.87
0.00
7.97
6.19
9.26
7.01
8.90
8.59
5.50
7.29
9.01
0.00
3.04
6.33
0.00
7.85
8.31
7.05
8.80
7.26
0.00
5.86
0.00
8.94
0.00
ERROR
0.00
0.00
7.93
0.00
0.00
7.98
0.00
6.24
7.19
7.34
6.87
0.00
9.23
0.00
7.01
8.20
0.00
7.86
8.00
6.80
8.97
7.47
7.71
9.25
0.00
7.91
9.06
8.29
9.67
8.00
8.04
0.00
6.62
0.00
9.03
0.00
7.00
5.77
8.54
8.63
8.19
8.19
0.00
7.63
7.57
8.33
8.17
8.40
8.76
8.47
8.50
8.00
8.56
7.34
7.00
7.81
7.55
8.93
8.23
4.16
4.90
6.85
7.31
6.78
8.16
7.76
7.63
0.00
5.13
8.19
5.00
6.16
7.88
9.03
9.03
6.99
6.65
8.88
9.02
0.00
5.99
5.99
5.99
7.00
7.54
0.00
7.71
7.36
8.12
6.49
6.23
8.67
7.10
9.23
8.67
8.13
6.65
7.98
7.69
0.00
0.00
0.00
7.24
5.28
0.00
7.48
8.99
4.10
6.59
6.73
8.41
7.25
8.46
7.13
8.10
8.10
6.01
0.00
9.36
6.49
8.84
7.81
5.07
8.18
10.00
7.28
8.96
8.60
5.81
7.51
6.34
4.94
7.94
8.41
0.00
6.84
6.89
7.69
9.00
5.52
0.00
7.31
0.00
5.17
7.81
8.40
9.24
8.17
6.07
8.20
10.00
7.13
9.27
6.62
8.58
7.91
7.71
0.00
8.32
8.20
5.45
8.14
0.00
9.04
7.83
6.53
7.96
8.72
6.29
6.54
8.37
6.08
7.12
5.09
7.03
8.59
5.99
8.00
8.04
8.42
7.32
7.31
9.02
8.23
8.66
8.67
9.05
9.21
8.74
7.39
9.15
5.50
9.27
8.97
8.97
7.17
7.37
4.43
7.37
7.97
6.17
8.25
7.93
7.91
8.00
5.56
7.91
8.77
5.70
5.30
7.64
0.00
7.68
7.95
7.98
8.51
8.86
8.62
9.39
6.84
10.00
0.00
4.12
7.91
8.83
7.29
7.88
7.28
8.06
8.84
7.95
7.65
8.17
5.47
8.18
3.41
7.21
9.27
7.32
4.41
3.75
7.40
6.50
7.34
5.27
7.12
9.06
7.72
5.86
8.32
6.04
0.00
7.04
8.03
7.99
6.48
7.55
8.52
8.21
4.65
0.00
8.78
6.08
6.40
8.97
0.00
7.65
7.10
9.04
8.81
0.00
8.78
8.25
7.70
4.88
7.85
8.07
7.85
8.82
5.94
8.48
6.62
0.00
6.28
8.65
7.50
0.00
7.04
8.25
0.00
4.70
6.40
4.06
6.70
4.98
4.98
9.24
0.00
7.77
8.63
8.42
9.26
9.23
9.02
9.07
8.94
8.73
8.80
8.71
7.74
9.34
6.40
6.98
6.73
6.75
7.94
7.37
0.00
6.69
8.49
7.58
8.11
0.00
0.00
7.04
7.69
9.15
8.35
8.30
8.79
7.50
7.83
8.62
4.38
4.96
4.96
6.69
8.42
4.31
6.80
8.01
8.74
7.77
9.29
8.57
8.33
7.35
6.44
8.59
8.59
0.00
0.00
8.53
8.36
7.29
0.00
3.00
6.40
6.53
5.87
5.50
0.00
9.11
8.69
8.99
7.05
2.38
4.73
6.39
8.02
7.79
4.78
7.93
7.55
3.00
0.00
0.00
8.21
5.24
7.07
7.21
7.06
6.61
5.80
5.80
3.06
8.71
4.42
6.80
0.00
8.29
8.26
8.47
8.68
7.62
7.30
8.14
7.48
8.07
9.05
5.71
8.02
8.84
4.87
0.00
8.42
6.41
7.35
5.63
7.70
6.52
8.98
5.22
7.67
8.37
7.05
5.32
8.49
8.24
0.00
8.02
5.35
5.05
7.07
7.29
8.71
7.23
8.79
8.56
8.79
8.79
8.79
7.93
7.00
7.61
5.81
8.80
8.55
7.67
8.84
9.02
7.26
8.65
6.13
0.00
0.00
8.73
8.84
8.75
9.12
7.43
3.41
5.93
8.81
8.96
6.72
7.76
7.37
7.13
8.46
7.99
7.85
6.59
7.58
5.36
6.28
8.12
7.76
6.06
8.30
6.92
7.16
7.90
7.64
6.72
7.77
5.51
7.94
8.24
8.06
6.78
7.46
8.21
0.00
7.60
0.00
8.05
6.90
6.70
5.13
9.11
8.37
9.37
8.71
8.89
7.97
4.99
8.71
5.31
8.93
7.24
5.69
6.29
7.95
5.57
8.24
6.23
6.00
7.17
6.51
7.27
7.80
6.17
0.00
8.29
6.17
6.59
7.38
7.70
8.06
7.88
8.97
6.37
7.23
7.20
8.37
8.17
5.39
8.56
7.84
8.90
8.42
8.32
8.25
7.73
8.85
7.70
8.34
0.00
8.15
8.10
7.69
7.44
0.00
9.27
6.11
9.27
7.59
7.17
7.09
8.23
8.17
8.10
8.10
8.78
8.43
8.16
9.40
0.00
5.78
8.04
8.07
5.28
0.00
0.00
0.00
8.19
0.00
3.58
8.17
8.30
7.99
8.85
7.08
7.08
3.95
7.30
7.87
9.30
8.37
8.18
8.18
7.11
7.47
8.01
8.77
ERROR
8.09
7.76
8.09
6.16
8.78
9.06
7.60
6.80
7.51
8.64
9.20
8.00
7.90
9.34
9.28
9.37
9.19
8.57
8.39
7.61
8.21
7.80
0.00
0.00
0.00
8.80
10.00
7.75
7.50
9.16
7.90
7.40
6.88
8.35
5.66
6.13
7.92
7.62
6.55
3.08
5.75
0.00
0.00
7.37
4.99
4.99
5.25
7.12
7.71
5.71
8.61
6.63
6.76
6.85
8.91
1.00
7.63
5.25
2.46
8.00
7.66
6.96
8.55
7.37
5.44
7.95
8.65
7.82
7.61
6.84
5.34
7.81
7.52
6.94
7.39
7.80
5.67
0.00
8.70
6.59
5.00
9.53
0.00
8.76
0.00
0.00
6.92
7.45
9.07
0.00
8.60
8.06
9.35
9.02
9.42
8.99
7.10
8.11
8.10
9.14
7.53
8.61
8.57
7.17
8.78
8.29
7.98
7.91
0.00
6.42
4.32
0.00
8.73
7.03
7.03
8.17
8.02
0.00
7.17
ERROR
7.47
7.06
7.05
8.66
8.03
7.61
8.01
6.79
7.15
0.00
5.15
5.15
9.54
8.05
7.65
9.01
0.00
7.85
8.67
8.89
6.18
7.00
8.26
9.06
0.00
3.94
8.57
8.42
6.65
4.44
8.21
7.66
7.00
7.43
8.98
8.87
7.30
7.92
7.92
8.68
7.85
0.00
8.74
4.43
0.00
6.89
9.23
7.05
8.43
8.55
9.14
8.67
5.44
0.00
8.72
8.31
5.91
7.95
9.45
7.67
7.48
0.00
7.15
7.10
8.95
8.74
9.25
7.76
0.00
9.34
8.20
7.68
7.74
1.00
8.70
9.08
8.15
8.86
6.66
4.89
7.71
7.42
7.40
3.53
7.86
8.68
5.14
8.93
6.53
6.92
4.87
8.00
8.64
8.64
7.55
9.00
8.10
8.52
7.85
4.09
8.33
7.89
5.53
4.50
0.00
9.08
8.41
9.08
7.81
8.57
6.67
8.47
8.82
9.11
8.97
8.97
8.97
5.85
8.03
4.13
3.54
5.94
5.50
9.20
8.21
8.13
9.14
6.86
7.91
0.00
5.88
6.10
8.81
0.00
7.63
0.00
6.21
0.00
7.02
5.81
8.65
1.65
1.65
6.45
8.15
7.26
8.44
6.65
7.74
7.28
9.03
7.24
7.73
9.23
7.37
6.61
9.35
7.88
7.07
8.75
0.00
0.00
7.00
8.00
8.46
8.31
7.21
8.16
4.64
7.57
7.34
6.99
8.72
7.98
7.19
8.68
5.21
8.60
5.89
8.03
7.83
0.00
9.07
5.17
8.10
8.36
8.37
8.85
8.85
8.20
0.00
6.90
7.12
6.95
9.01
6.51
6.85
9.30
4.50
0.00
1.75
5.30
4.55
8.68
0.00
6.09
7.51
9.05
0.00
9.08
8.84
0.00
9.13
4.00
0.00
6.63
7.88
2.47
6.37
8.82
6.79
8.69
7.97
6.60
3.60
8.31
8.52
0.00
7.67
3.62
7.07
0.00
6.73
8.50
1.00
7.05
5.28
7.18
0.00
8.07
10.00
6.37
7.75
8.43
7.32
7.82
0.00
5.74
6.92
10.00
10.00
4.53
6.55
7.59
8.11
8.29
5.93
8.98
8.19
8.41
0.00
0.00
7.16
7.88
10.00
7.55
7.01
8.79
8.43
8.42
6.02
4.53
0.00
4.97
0.00
7.22
7.66
8.58
7.46
8.95
9.00
9.05
8.76
8.58
8.15
8.75
0.00
7.93
8.26
7.70
8.82
7.29
8.37
8.24
7.35
7.15
10.00
9.11
7.69
8.47
9.12
8.47
0.00
6.69
7.19
6.44
0.00
7.68
6.81
9.30
7.43
7.30
7.30
7.24
7.20
8.16
6.67
8.75
8.74
7.17
0.00
7.45
6.35
8.92
7.96
7.66
8.57
8.80
9.10
7.04
9.00
0.00
5.46
0.00
5.02
4.16
8.24
7.79
8.39
6.79
6.99
6.46
8.00
8.96
0.00
7.06
6.54
0.00
7.45
6.43
6.34
4.89
6.50
4.70
7.88
6.89
7.01
5.33
8.66
8.87
7.71
8.12
8.49
8.23
7.59
7.75
8.01
0.00
7.60
7.00
6.28
0.00
8.32
6.99
7.08
8.13
6.54
8.03
4.53
5.69
8.51
7.84
4.82
8.04
8.64
7.49
7.17
6.53
5.65
10.00
7.48
6.63
7.79
0.00
ERROR
7.61
7.11
6.42
0.00
7.49
8.53
7.79
7.84
0.00
0.00
0.00
8.77
5.67
5.67
8.06
ERROR
3.35
0.00
8.93
7.68
1.97
0.00
8.38
7.88
9.00
7.53
9.02
0.00
6.83
7.30
7.33
7.38
8.91
8.76
7.60
8.28
6.04
6.04
4.25
9.38
5.88
7.69
6.86
8.08
7.31
6.50
7.74
7.65
7.75
7.31
4.29
3.24
6.93
5.01
7.46
7.82
8.42
6.09
3.50
7.12
7.43
0.00
6.60
8.64
8.64
2.62
8.53
7.39
8.10
7.14
6.13
7.61
6.20
4.30
8.32
6.76
4.06
0.00
5.22
2.97
7.31
7.63
6.81
7.27
8.46
0.00
5.19
7.40
8.39
6.63
7.24
7.31
6.91
6.36
9.00
8.10
7.77
9.21
6.76
8.20
8.21
6.82
6.82
4.11
3.68
6.20
6.08
8.57
5.87
8.90
9.00
5.49
0.00
9.04
7.28
7.95
8.49
8.91
0.00
8.91
7.06
7.95
0.00
7.63
0.00
7.97
9.14
7.65
6.64
6.73
6.70
8.18
7.84
8.67
7.84
5.85
7.59
7.93
4.11
7.35
7.01
8.60
8.42
9.02
6.74
7.75
8.31
0.00
6.11
7.72
8.71
7.41
9.22
8.45
5.56
0.00
8.32
8.32
5.00
0.00
5.44
7.23
7.50
6.76
5.34
9.29
8.58
8.20
8.58
8.48
7.73
6.44
8.39
6.25
8.90
8.47
7.83
7.07
7.84
8.48
8.41
7.37
5.60
8.00
4.93
0.00
8.64
9.03
8.14
2.91
7.71
3.83
8.08
7.76
7.71
6.65
5.44
6.07
8.60
8.00
7.38
3.14
9.37
6.96
6.74
5.96
4.45
7.52
8.45
7.75
8.08
8.32
5.50
4.00
7.96
8.01
8.19
7.15
6.68
7.40
8.36
0.00
10.00
7.73
0.00
8.29
6.69
6.69
8.67
6.24
5.81
5.47
8.20
4.13
8.33
8.11
7.63
8.29
0.00
0.00
8.38
6.38
8.70
8.87
3.61
7.13
6.56
7.39
7.22
7.95
8.97
7.05
5.53
3.40
7.50
0.00
8.61
8.80
8.53
6.67
8.40
6.44
9.21
0.00
7.85
6.39
7.60
6.90
5.19
6.05
6.12
6.62
0.00
6.26
6.61
8.72
10.00
8.35
7.74
4.24
8.51
6.62
0.00
7.31
7.08
5.79
8.41
7.32
8.90
0.00
7.94
4.04
8.61
9.00
6.72
7.27
6.73
6.98
0.00
0.00
4.19
10.00
6.27
8.33
7.83
8.67
7.86
0.00
0.00
9.00
0.00
0.00
6.72
4.94
8.05
0.00
8.80
0.00
7.91
0.00
8.88
8.12
6.46
8.53
6.53
8.89
8.03
6.87
8.36
8.57
5.17
6.82
8.73
8.91
7.87
6.88
7.47
8.23
8.82
8.69
8.69
9.29
9.04
6.86
8.34
7.86
0.00
5.24
5.29
8.58
6.66
8.75
8.35
8.97
7.43
2.84
7.80
7.91
8.45
8.42
7.97
8.58
7.01
7.78
5.84
10.00
7.71
8.89
8.15
7.57
7.31
0.00
0.00
7.06
8.28
6.52
8.17
6.96
8.94
5.29
8.41
9.05
0.00
6.23
6.53
7.67
7.42
7.87
5.45
0.00
7.84
8.83
7.47
7.13
7.13
6.31
9.21
7.29
6.80
6.35
5.82
6.50
7.31
7.91
7.75
9.08
9.15
0.00
7.56
8.02
8.91
6.96
3.17
7.01
7.51
7.76
6.58
7.63
5.65
8.97
8.71
8.21
8.75
8.21
7.39
8.45
0.00
8.71
8.65
8.44
6.00
10.00
0.00
8.65
8.78
7.35
0.00
0.00
7.30
8.09
8.09
6.65
4.31
2.65
5.75
8.24
6.80
0.00
8.84
8.75
9.12
6.93
7.09
6.93
0.00
7.49
0.00
0.00
8.50
7.35
0.00
7.46
7.40
7.61
7.61
8.39
6.33
6.76
8.08
7.74
6.96
8.79
7.16
7.66
10.00
8.71
7.41
9.26
8.38
9.26
8.55
8.22
8.81
8.41
8.10
9.50
3.21
7.22
7.31
8.22
7.22
6.19
7.92
8.93
6.51
6.08
6.04
6.42
8.99
7.54
9.00
5.50
5.19
0.00
7.87
7.77
8.23
5.01
5.01
6.07
7.74
8.37
0.00
8.27
8.26
7.59
7.62
7.62
8.34
8.74
7.96
7.11
9.29
7.36
9.38
7.12
0.00
7.61
6.62
7.88
8.15
10.00
7.18
0.00
7.53
0.00
7.90
7.80
8.40
8.55
9.00
6.66
7.42
6.69
0.00
8.40
8.28
9.00
6.98
7.61
0.00
5.50
5.95
8.23
8.60
8.48
7.20
7.81
7.94
4.91
6.97
8.04
8.19
9.08
7.72
7.84
8.29
7.30
9.25
0.00
0.00
0.00
7.41
8.57
7.01
6.40
8.66
6.13
7.50
8.74
6.29
6.29
6.20
7.68
0.00
8.17
8.15
5.22
7.42
6.66
8.03
5.68
7.28
8.09
5.33
0.00
7.11
8.54
8.58
7.27
4.89
4.89
4.89
8.80
8.58
8.58
6.84
7.33
7.54
8.86
6.81
9.02
8.23
8.49
0.00
3.22
9.00
1.00
8.55
5.11
7.00
0.00
1.00
1.00
7.05
7.23
10.00
0.00
6.96
0.00
0.00
7.41
8.82
8.45
3.14
7.67
8.05
9.00
5.71
6.07
8.70
0.00
1.00
6.07
6.79
8.29
6.62
2.05
7.45
6.56
7.73
8.86
6.75
0.00
7.26
0.00
0.00
7.12
7.34
0.00
8.99
8.10
5.79
8.97
8.99
0.00
6.70
0.00
8.96
8.58
7.11
8.18
6.00
8.92
7.02
9.14
8.74
7.06
6.93
0.00
7.00
5.05
9.04
7.68
7.45
8.99
9.13
8.75
8.50
6.55
7.57
7.38
0.00
0.00
8.95
8.10
8.76
8.44
8.10
7.14
8.18
7.86
6.75
5.50
6.64
6.48
0.00
8.42
8.44
4.98
7.72
8.99
8.68
6.22
6.91
8.11
7.97
7.40
7.58
7.81
7.51
6.12
7.38
8.82
8.03
0.00
8.43
8.50
4.66
7.86
5.71
7.99
7.98
8.37
8.39
7.38
8.05
7.97
5.65
8.28
7.86
7.88
10.00
8.86
8.88
6.39
5.64
8.03
7.79
3.40
7.34
7.98
0.00
0.00
8.55
8.58
8.67
0.00
0.00
9.06
7.79
7.88
9.31
6.38
8.44
8.41
9.36
8.51
8.74
8.38
5.95
9.07
7.84
7.24
7.87
0.00
8.00
8.77
8.26
8.20
8.20
7.88
8.00
6.67
3.74
8.86
8.88
7.36
8.21
9.46
7.14
5.18
8.06
9.14
7.39
9.40
8.30
7.09
9.04
7.54
8.60
8.39
3.67
6.18
7.78
7.89
6.53
7.74
8.13
0.00
9.00
4.95
0.00
8.09
8.77
9.11
6.95
7.57
8.65
9.33
8.37
4.58
6.90
7.72
6.12
9.79
8.65
8.50
7.00
6.86
8.56
8.66
8.72
6.48
8.95
8.74
7.60
9.22
8.61
8.25
9.07
5.78
8.01
6.50
6.69
8.75
7.88
7.94
0.00
10.00
8.12
8.95
0.00
0.00
7.79
8.41
6.08
8.97
8.32
8.79
7.37
9.05
0.00
8.59
7.29
7.29
8.70
6.57
7.06
7.88
10.00
7.50
4.08
8.76
5.06
7.49
7.68
10.00
0.00
0.00
7.47
0.00
6.59
0.00
7.52
7.08
8.65
8.29
8.77
7.62
8.31
8.63
8.63
8.77
8.89
8.40
8.30
8.30
6.68
8.29
7.75
8.18
8.83
4.06
8.78
7.75
4.12
0.00
8.66
8.06
6.94
7.18
6.55
8.62
6.72
10.00
8.37
6.77
7.21
7.54
7.98
7.79
9.00
8.29
7.68
8.38
5.91
8.03
9.05
9.24
7.42
8.85
8.89
10.00
8.05
8.50
7.59
7.69
0.00
8.42
7.98
7.67
5.94
5.50
7.06
8.01
7.64
7.61
7.24
8.42
8.33
8.47
6.40
7.91
8.65
8.65
9.28
0.00
8.06
0.00
9.19
7.74
7.75
9.00
8.02
7.93
8.72
8.79
9.16
8.21
5.89
8.95
8.95
6.41
0.00
7.10
6.95
7.92
0.00
5.98
7.85
8.46
7.23
9.50
7.87
8.73
6.09
8.91
6.10
8.15
0.00
7.20
9.47
7.09
7.57
7.76
6.11
6.11
4.46
7.94
6.43
7.88
8.35
6.74
0.00
8.21
ERROR
8.44
5.24
6.14
7.92
7.13
6.00
8.86
0.00
8.11
8.55
5.50
9.10
2.50
0.00
7.99
5.59
7.62
8.45
3.67
0.00
0.00
7.54
7.93
8.26
9.02
0.00
7.82
8.51
8.68
7.97
5.04
5.82
5.00
9.02
8.00
7.95
6.93
8.19
9.10
7.59
0.00
7.67
0.00
7.58
7.42
7.93
6.99
0.00
7.82
8.06
7.92
8.13
7.09
0.00
9.25
4.46
8.43
9.41
0.00
0.00
8.79
9.06
5.79
4.00
6.03
8.05
5.05
3.57
5.55
7.60
8.24
8.87
8.20
7.47
8.22
9.05
7.22
6.30
6.30
7.29
6.72
7.05
7.16
4.29
7.44
8.85
7.88
10.00
0.00
5.83
8.70
7.76
8.37
5.81
7.22
0.00
4.63
0.00
0.00
7.65
7.29
7.22
7.22
8.13
6.51
0.00
7.76
8.29
7.86
8.92
8.96
7.58
0.00
7.28
6.54
6.07
0.00
0.00
4.29
8.93
7.77
5.10
8.25
6.66
4.59
3.14
6.61
3.06
6.54
5.60
5.37
7.52
7.94
0.00
3.86
8.85
6.79
8.00
8.00
6.20
7.48
5.66
6.84
6.43
7.42
0.00
0.00
6.38
7.06
3.84
6.89
6.81
7.21
6.80
0.00
6.93
7.40
8.18
7.46
7.00
8.10
7.17
2.54
2.54
7.37
8.14
5.14
7.44
7.73
6.33
7.83
8.36
10.00
10.00
8.99
8.58
7.24
7.31
7.83
6.98
7.38
9.04
7.92
6.45
7.67
7.00
4.99
2.83
8.59
8.59
8.76
8.59
5.89
7.13
5.91
8.31
7.72
5.85
6.94
9.29
8.38
3.24
9.00
3.24
8.44
0.00
8.41
8.85
9.09
7.17
7.48
7.35
8.86
8.86
0.00
0.00
7.29
7.37
7.45
8.43
6.05
8.21
6.49
2.78
8.40
8.42
9.00
8.40
6.76
6.64
8.62
8.55
0.00
0.00
3.97
9.01
7.33
8.15
8.02
8.00
8.52
6.30
8.93
4.92
6.48
9.00
8.24
6.38
8.50
9.32
7.27
7.62
8.02
5.76
7.59
6.32
8.13
0.00
7.43
7.39
7.92
8.54
7.40
0.00
7.67
7.23
7.16
7.69
7.21
7.95
9.13
8.48
7.79
4.84
0.00
8.00
0.00
8.40
9.23
9.30
6.61
6.61
0.00
0.00
7.32
3.98
8.11
8.89
8.45
8.15
6.77
6.94
5.64
9.24
0.00
7.96
7.92
4.57
6.29
8.16
9.25
8.57
1.36
1.36
7.31
7.98
6.67
5.03
6.41
8.28
8.36
8.63
4.67
9.14
9.14
7.30
8.85
5.46
7.20
6.39
6.39
7.50
7.66
8.28
0.00
0.00
8.58
8.30
8.66
6.86
8.44
3.56
3.56
8.00
0.00
6.29
8.21
5.09
9.03
5.50
8.48
8.24
8.61
8.06
7.78
5.31
6.30
6.74
0.00
7.15
2.53
6.94
4.24
5.31
7.67
8.58
8.78
8.78
8.40
0.00
0.00
6.00
4.00
6.40
7.62
6.39
6.81
7.72
7.65
8.14
8.35
6.57
4.71
6.33
5.99
6.14
7.00
7.01
7.78
8.58
7.58
7.37
8.05
7.96
6.88
8.98
0.00
8.48
6.07
8.21
7.09
8.43
8.56
8.56
8.90
9.40
7.20
8.23
7.80
0.00
10.00
8.68
8.70
7.34
6.81
0.00
6.99
8.25
7.56
8.31
8.79
8.95
8.87
5.96
5.96
8.36
8.33
7.89
9.35
5.75
7.17
3.76
ERROR
7.68
7.31
7.63
5.66
8.44
3.65
6.41
8.50
10.00
4.77
6.67
9.00
7.28
0.00
4.37
9.32
0.00
8.68
8.68
5.94
8.68
8.66
6.92
6.44
7.94
7.52
8.13
0.00
7.17
7.70
10.00
7.69
7.44
5.27
6.52
4.46
7.69
7.68
9.42
7.14
10.00
7.00
7.59
6.74
6.37
8.17
0.00
7.13
8.99
0.00
5.43
0.00
8.30
6.21
7.44
5.43
8.56
7.14
8.87
9.03
7.83
8.95
6.20
9.39
8.25
7.53
6.93
8.21
8.41
7.76
8.68
0.00
8.52
7.47
7.04
9.12
5.45
7.77
5.42
5.75
7.67
8.58
6.48
7.00
5.97
6.59
8.03
5.77
8.91
8.28
8.72
7.82
0.00
6.76
7.60
8.21
8.35
7.91
9.32
7.71
8.74
6.70
7.85
9.38
9.44
7.60
4.30
8.83
6.04
7.42
0.00
7.97
7.19
8.52
7.36
7.15
7.15
4.27
0.00
8.07
8.31
8.01
8.00
8.00
6.98
6.69
6.69
4.52
8.51
8.52
8.10
7.21
6.53
6.36
6.43
8.10
8.30
8.57
5.92
8.33
7.15
8.32
7.09
7.15
8.09
6.94
0.00
5.87
0.00
8.73
7.65
4.43
7.86
7.11
7.68
8.76
8.92
7.55
5.61
7.09
7.11
7.36
5.34
4.04
8.06
4.18
7.86
9.46
6.99
8.13
6.86
7.27
6.91
6.11
8.04
8.86
6.77
4.98
6.58
8.26
7.92
7.97
7.04
0.00
0.00
0.00
9.10
7.63
8.25
6.57
8.03
5.98
7.82
5.01
8.79
5.17
8.79
7.88
7.88
8.00
0.00
8.80
8.32
7.80
7.39
8.22
0.00
0.00
7.42
5.03
3.57
7.55
8.17
6.41
7.52
0.00
5.76
9.23
7.10
7.08
6.13
7.75
7.50
7.68
6.33
8.03
8.30
8.82
0.00
8.66
8.49
5.87
6.35
9.11
7.86
9.17
8.32
0.00
7.00
7.43
0.00
6.30
7.30
7.70
7.94
7.94
4.84
7.83
7.03
5.23
8.33
8.29
8.67
0.00
8.00
7.43
7.73
6.69
8.27
0.00
8.42
7.27
3.85
3.85
4.81
0.00
6.96
10.00
8.01
8.51
8.28
8.18
7.52
9.07
9.16
8.86
9.22
7.22
6.85
6.83
6.85
0.00
5.06
8.80
6.51
7.33
9.24
8.30
9.24
0.00
9.80
9.80
0.00
3.97
6.98
0.00
0.00
0.00
3.40
7.79
0.00
6.28
8.83
7.96
7.86
8.86
6.70
4.71
8.02
7.16
8.47
0.00
0.00
8.04
3.38
4.09
8.48
4.73
7.06
7.11
7.72
6.65
0.00
7.09
7.85
6.72
8.50
9.26
5.97
7.53
9.01
8.07
4.83
8.63
5.16
6.91
8.33
9.31
7.09
8.43
6.30
8.03
7.96
0.00
6.51
6.52
6.54
8.70
8.00
8.16
7.00
6.78
7.20
7.20
7.53
5.51
0.00
6.61
6.03
7.53
8.12
8.71
6.20
8.66
0.00
7.27
7.61
8.46
7.95
7.49
9.65
6.16
8.88
8.72
5.52
9.33
8.42
6.44
0.00
8.49
7.09
6.40
7.69
7.38
7.14
7.14
7.50
8.06
7.44
8.92
6.14
8.59
9.20
7.27
8.14
8.33
6.37
7.29
7.29
7.74
0.00
7.84
7.84
7.35
0.00
7.54
3.75
6.79
7.13
7.92
6.33
8.00
6.39
5.33
7.58
3.93
8.18
7.45
7.80
7.72
9.17
7.63
5.80
6.88
7.61
7.16
8.34
7.49
7.42
6.34
8.28
7.35
7.50
6.45
2.89
4.00
6.87
7.58
7.24
5.57
8.43
7.50
8.83
6.68
3.55
6.20
7.02
8.18
6.84
6.89
6.44
ERROR
8.32
6.77
8.51
5.56
8.39
8.01
7.76
8.68
9.09
9.07
7.28
0.00
10.00
6.74
7.21
7.27
7.07
6.59
7.66
6.63
8.12
4.03
ERROR
7.77
7.60
8.09
0.00
8.03
9.01
6.53
8.82
4.40
7.54
6.21
8.54
8.76
7.97
7.97
7.53
8.94
0.00
4.72
0.00
8.26
8.54
7.96
6.96
7.43
8.87
0.00
8.21
7.73
6.48
7.79
7.79
7.68
8.05
8.11
7.96
8.14
8.76
9.33
8.88
6.93
4.17
6.56
6.34
4.66
4.47
8.37
9.35
5.51
7.33
7.00
7.84
8.73
8.73
6.87
7.13
3.01
6.44
7.11
8.00
7.92
8.23
6.00
6.82
5.69
7.95
4.93
10.00
5.60
6.92
8.02
5.89
7.91
6.87
7.11
6.85
0.00
7.06
7.65
6.29
9.42
4.61
6.37
8.88
7.15
8.72
7.07
9.34
8.66
6.98
6.46
8.32
8.12
7.94
8.41
9.31
6.19
5.60
5.38
7.53
0.00
6.77
8.91
8.97
8.00
6.95
7.30
8.14
8.55
8.68
0.00
0.00
6.28
6.47
7.01
8.83
0.00
7.82
9.09
5.29
5.41
0.00
5.83
7.94
8.85
8.53
9.15
8.32
8.32
9.09
8.51
7.51
7.18
6.33
7.77
9.20
7.58
5.48
8.86
4.68
7.82
7.46
4.78
3.84
4.31
7.45
5.56
7.48
8.77
1.00
7.78
7.80
7.93
7.40
5.11
7.81
7.62
8.14
7.10
6.33
8.73
5.28
8.44
6.32
6.32
8.41
6.19
9.40
7.57
7.54
9.31
8.32
7.38
9.06
7.76
8.70
8.70
8.62
4.54
8.01
7.23
6.52
8.57
8.34
6.98
7.56
5.86
8.09
8.26
8.43
0.00
8.91
6.00
8.66
4.33
8.17
6.84
8.24
5.51
6.67
8.13
8.12
7.08
6.14
9.13
7.61
8.63
6.97
6.06
5.27
5.90
7.87
7.93
6.13
5.53
7.78
0.00
8.33
6.02
9.01
7.18
7.60
8.88
7.59
8.33
6.21
7.96
8.56
8.45
6.37
6.10
6.59
7.47
7.44
3.88
7.60
7.84
7.51
6.23
0.00
7.16
7.25
7.73
4.02
7.24
6.24
7.73
0.00
8.79
8.01
8.46
7.34
0.00
8.57
7.79
7.74
7.50
6.01
6.98
7.11
7.56
8.08
7.83
7.91
0.00
9.10
5.15
7.98
8.84
0.00
6.23
8.00
8.09
7.36
8.79
7.50
7.17
7.87
8.62
7.43
8.69
8.79
7.95
5.98
5.14
8.56
7.12
6.23
0.00
0.00
7.41
7.80
7.34
9.26
4.71
8.27
8.63
7.78
8.53
9.08
8.08
8.51
8.40
8.10
7.67
0.00
0.00
0.00
4.74
8.98
6.37
7.60
9.27
7.44
0.00
0.00
7.16
7.92
9.09
8.48
7.19
9.44
0.00
6.58
5.47
7.80
5.86
8.25
8.63
5.58
8.02
7.21
7.20
7.78
7.75
7.78
6.25
8.40
7.47
8.76
5.91
7.23
8.92
8.55
8.10
8.91
9.08
8.21
8.29
4.60
7.00
5.12
8.64
9.19
0.00
7.66
0.00
4.82
6.21
5.72
7.07
8.67
8.92
8.68
7.57
7.29
5.51
7.54
7.80
6.53
0.00
8.13
6.75
5.76
0.00
6.43
7.93
7.60
8.13
8.47
2.36
8.23
0.00
6.89
7.47
0.00
7.22
0.00
8.23
0.00
1.00
6.80
8.19
6.88
6.87
0.00
0.00
7.38
8.31
8.02
8.37
9.03
6.57
8.39
4.61
0.00
0.00
7.83
5.42
6.23
7.04
0.00
7.46
4.77
8.54
7.08
7.05
7.46
8.43
7.47
6.06
8.65
0.00
8.24
5.41
9.17
6.20
6.05
0.00
5.20
6.31
8.57
8.65
7.28
7.67
6.25
9.00
7.00
5.65
0.00
8.03
7.63
8.00
5.19
7.43
7.02
3.95
7.76
2.23
8.85
7.41
8.19
9.00
1.27
6.50
7.85
8.10
8.26
7.08
5.28
5.88
2.87
6.50
8.63
8.72
8.63
6.23
8.28
8.92
7.86
9.46
7.83
5.91
7.72
8.19
8.47
8.64
5.61
6.35
0.00
6.00
0.00
8.29
7.43
7.08
8.12
0.00
7.25
7.25
8.89
7.99
0.00
0.00
4.49
5.76
9.25
8.63
7.97
ERROR
7.77
8.40
8.66
8.73
4.75
6.33
4.09
7.14
6.38
0.00
8.22
6.61
8.17
5.31
7.84
9.37
0.00
5.13
7.86
9.33
6.32
6.63
7.56
7.56
7.78
0.00
7.00
0.00
0.00
0.00
7.11
5.81
7.35
6.91
5.28
8.19
8.20
8.55
7.00
8.57
0.00
7.97
0.00
7.99
8.16
8.48
0.00
7.04
8.04
7.52
8.27
2.83
8.23
7.24
4.93
8.28
6.50
8.39
4.44
7.07
6.40
9.00
6.34
0.00
7.78
5.65
8.54
7.78
6.36
8.29
7.94
8.39
8.82
0.00
9.23
6.35
9.13
2.78
7.41
7.56
0.00
6.72
0.00
6.90
9.32
0.00
6.84
8.06
9.22
5.00
6.00
8.54
0.00
5.67
10.00
7.58
7.26
7.26
0.00
0.00
5.50
7.75
8.63
8.48
8.47
7.75
6.06
8.08
9.17
7.94
8.91
8.97
8.02
6.08
8.61
8.00
7.19
8.64
6.30
9.04
0.00
7.47
0.00
8.37
8.37
8.73
7.93
8.18
7.70
7.16
9.05
7.29
3.81
8.86
7.73
0.00
9.08
7.68
6.53
7.93
7.60
8.00
7.37
5.97
7.50
4.95
6.98
7.87
2.20
7.14
7.65
6.09
6.30
6.50
5.60
8.41
7.80
7.63
7.21
8.23
7.54
7.39
7.14
8.08
5.66
8.37
8.83
7.30
6.50
7.09
7.83
8.51
6.92
9.38
1.65
7.27
7.36
8.33
8.13
8.11
8.26
0.00
7.39
7.81
6.31
6.58
7.76
8.01
6.00
7.45
7.43
7.00
0.00
6.66
9.10
7.44
7.71
7.10
0.00
6.73
5.50
8.00
5.55
8.58
8.68
0.00
7.94
8.81
6.48
6.03
8.01
7.34
7.47
0.00
3.03
8.68
8.11
6.59
6.30
6.30
7.60
6.46
8.12
6.46
0.00
0.00
0.00
6.92
8.81
6.86
6.70
7.11
8.56
6.54
7.31
8.71
9.26
5.50
8.57
6.98
6.61
8.43
6.99
5.80
6.99
0.00
7.82
7.00
0.00
8.00
3.26
10.00
9.10
8.30
7.39
5.72
6.97
7.00
7.51
0.00
0.00
6.59
6.59
7.30
8.86
8.20
5.88
8.10
7.71
5.59
3.88
8.67
9.01
8.10
5.95
6.56
6.93
5.59
5.04
2.82
7.84
7.46
5.30
0.00
7.79
6.32
7.84
0.00
5.86
5.69
7.95
8.55
6.79
7.79
5.77
8.51
6.12
7.74
5.74
9.27
7.28
9.19
7.89
0.00
8.37
8.60
6.73
8.90
7.12
7.17
7.80
8.42
0.00
5.73
6.52
8.36
7.93
7.06
0.00
9.06
8.68
8.68
5.88
6.31
8.57
7.95
0.00
8.08
8.95
3.32
7.20
7.79
8.04
0.00
8.24
6.46
8.50
8.43
8.30
7.86
5.64
4.25
4.25
8.75
7.00
8.26
8.20
7.25
8.96
6.81
7.67
7.34
5.88
0.00
9.12
0.00
7.56
6.31
8.60
6.98
5.26
5.96
0.00
10.00
10.00
7.99
7.44
7.95
8.32
8.81
8.71
7.00
8.50
8.21
8.14
7.12
8.34
9.00
7.62
6.22
0.00
10.00
6.75
8.46
7.22
7.53
7.06
7.18
8.93
7.56
9.13
6.95
7.81
6.47
6.73
6.73
4.14
8.93
7.27
8.73
7.91
6.41
6.41
6.69
6.67
7.08
0.00
6.49
7.90
6.08
0.00
8.47
8.33
8.20
8.89
8.73
8.68
0.00
7.21
8.90
6.79
6.11
8.60
8.85
8.69
0.00
0.00
7.11
7.61
8.89
7.02
7.01
0.00
0.00
8.60
0.00
3.60
4.00
7.30
6.81
8.07
7.77
7.38
7.11
6.42
7.17
7.17
7.36
5.06
0.00
8.63
7.33
3.91
7.21
4.00
7.26
7.51
0.00
7.09
8.66
8.74
3.74
5.47
8.23
7.16
8.36
6.06
7.35
8.17
7.69
7.94
6.12
6.72
7.00
8.50
6.65
8.56
8.79
8.67
7.93
8.56
7.10
8.02
7.74
7.95
7.44
8.26
7.49
7.28
9.05
7.81
7.08
10.00
7.77
7.76
3.50
7.85
8.38
0.00
8.73
6.99
6.83
8.66
7.73
7.87
0.00
7.56
2.00
8.22
7.38
8.65
8.67
7.06
6.57
6.14
6.21
8.21
6.49
ERROR
0.00
6.24
6.20
5.86
0.00
8.54
8.89
8.18
7.92
5.29
8.29
8.02
7.71
8.31
8.98
7.44
8.31
0.00
7.52
7.13
8.75
9.01
0.00
5.32
0.00
4.54
8.03
8.09
7.58
8.72
0.00
7.29
8.09
4.81
9.34
5.11
5.71
8.30
0.00
6.29
8.13
7.66
7.93
7.78
8.25
8.51
8.18
7.25
7.57
8.16
7.30
8.46
8.44
8.56
7.31
7.31
4.83
8.35
6.70
7.61
7.90
8.62
6.16
7.05
7.05
4.28
0.00
7.98
4.84
4.84
7.77
0.00
6.95
8.00
5.71
7.90
8.96
0.00
0.00
5.52
7.80
7.00
7.90
9.19
7.11
7.11
7.54
8.00
8.83
8.25
7.05
0.00
6.59
5.77
7.61
8.23
6.67
8.23
5.36
7.47
8.22
4.57
7.03
6.67
7.84
6.86
0.00
7.59
8.29
8.45
8.45
3.20
5.64
6.64
8.00
8.15
8.15
8.43
6.65
5.94
7.26
8.71
5.91
5.50
0.00
6.24
7.19
0.00
0.00
0.00
7.09
7.32
0.00
8.98
8.77
7.55
7.90
8.71
8.55
0.00
8.49
8.08
7.24
8.86
7.85
6.68
6.78
9.10
9.25
7.32
9.23
6.85
6.10
5.79
5.14
7.39
9.20
3.22
6.25
0.00
7.70
7.00
9.06
9.06
6.86
8.15
8.55
7.53
8.41
8.25
0.00
7.62
6.26
5.54
6.89
0.00
0.00
0.00
7.74
4.04
7.84
6.56
7.67
7.88
7.75
7.75
8.48
8.08
6.95
7.60
6.35
6.55
7.83
0.00
8.26
4.51
6.32
5.06
6.06
9.17
9.52
5.75
8.19
6.32
5.20
8.25
8.05
9.23
6.97
7.94
8.87
8.67
8.20
9.31
6.84
5.50
5.73
5.50
5.08
6.50
9.00
6.91
8.00
7.85
7.48
8.27
5.40
5.93
0.00
8.22
0.00
3.05
8.94
7.66
8.15
9.01
9.01
7.91
5.71
7.96
7.47
6.25
8.45
9.20
7.25
8.04
7.33
8.53
10.00
9.01
8.60
0.00
8.57
8.65
8.81
7.26
8.80
6.94
8.05
8.28
9.42
10.00
10.00
7.53
9.31
7.40
0.00
8.70
7.42
8.28
7.51
7.10
5.74
9.31
7.36
8.41
7.62
6.33
7.50
5.33
6.46
0.00
8.67
0.00
7.19
7.63
8.31
7.54
7.54
7.38
4.85
6.05
6.32
7.00
8.05
8.22
6.74
6.58
5.85
8.45
7.12
7.79
6.64
7.58
6.17
5.76
0.00
8.87
6.82
ERROR
9.14
7.66
8.60
0.00
0.00
7.90
10.00
9.11
5.36
8.34
5.86
8.40
6.51
7.89
9.07
0.00
6.97
8.55
9.11
6.52
8.71
8.79
5.54
8.42
8.48
8.42
7.00
0.00
0.00
7.95
7.49
0.00
5.83
9.09
8.60
8.17
4.90
8.47
8.00
8.53
7.92
8.77
7.92
7.32
0.00
7.63
7.52
8.21
0.00
8.46
0.00
7.19
5.37
7.77
7.48
8.21
6.94
6.83
8.20
6.57
6.13
8.55
7.82
8.11
6.72
4.98
6.82
8.66
7.42
5.61
6.61
4.80
7.95
7.67
5.56
7.82
7.60
7.99
0.00
0.00
8.09
5.06
6.25
7.72
7.72
6.74
7.73
7.50
8.32
8.18
7.93
7.54
8.72
4.00
7.83
6.68
8.54
7.56
6.09
6.45
0.00
8.09
7.47
6.82
6.86
0.00
7.50
10.00
7.77
8.53
7.05
9.08
4.38
7.74
9.00
8.10
7.32
10.00
5.96
6.99
5.76
8.51
6.04
4.43
8.84
9.10
6.09
8.40
8.70
8.36
7.41
0.00
6.04
9.35
7.71
7.41
7.98
6.84
4.00
8.43
0.00
10.00
8.53
8.53
8.53
0.00
8.56
0.00
7.87
7.87
8.58
4.45
